#
# "Summary" ["UNHALTED_CORE_CYCLES","RS_UOPS_DISPATCHED","RS_UOPS_DISPATCHED_NONE","L1I_MISSES","L1I_READS","CYCLES_L1I_MEM_STALLED","BR_INST_EXEC","BR_MISSP_EXEC","UOPS_RETIRED:ANY","RESOURCE_STALLS:ANY","RESOURCE_STALLS:BR_MISS_CLEAR"]
#
n	UNHALTED_CORE_CYCLES	RS_UOPS_DISPATCHED	RS_UOPS_DISPATCHED_NONE	L1I_MISSES	L1I_READS	CYCLES_L1I_MEM_STALLED	BR_INST_EXEC	BR_MISSP_EXEC	UOPS_RETIRED:ANY	RESOURCE_STALLS:ANY	RESOURCE_STALLS:BR_MISS_CLEAR
"anna"	2.178008829e8	4.199189693e8	5.49343239e7	987812.2	1.991342529e8	1.86231727e7	6.49913865e7	3795554.1	2.765593602e8	1.24721117e7	4974276.4
"ansi"	635994.5	352537.0	446737.8	4046.1	197787.1	422441.7	40385.9	4209.0	250547.8	62023.7	25047.7
"atom"	4.416480393e8	9.252678996e8	8.38621321e7	320220.5	4.313327133e8	1.03135045e7	1.300710795e8	3086101.4	6.403064425e8	1.809542715e8	1.55929483e7
"awards"	771942.1	821191.2	388567.5	4336.2	356150.8	363636.5	105754.6	6505.1	568716.4	65803.5	25944.0
"banner"	650463.7	656517.9	370865.5	4033.5	296909.8	354629.1	86861.6	4666.4	472227.3	68338.5	26499.0
"bernouilli"	3.678370777e8	9.105721457e8	3.92817284e7	234297.8	3.612996189e8	6312564.5	6.73552581e7	741241.1	7.644154438e8	9.38527317e7	2734322.4
"boyer"	5.73477049e7	1.344019221e8	1.03437454e7	30793.4	5.58126462e7	1526911.3	1.77938864e7	769309.4	8.80411404e7	1.00418757e7	1493283.3
"boyer2"	1.10086245e7	2.5062734e7	1899579.6	6260.7	1.05029153e7	483761.9	3806203.2	128436.7	1.74826568e7	961770.8	246305.1
"bspt"	1.14626685e7	2.50508546e7	2681495.5	26852.9	1.03625747e7	1063895.2	3168537.9	164006.1	1.63876878e7	1835955.4	518081.9
"cacheprof"	7.687768e8	1.6966242982e9	1.705293753e8	2345828.1	7.200951365e8	4.89323706e7	2.521122419e8	8780150.5	1.1705571774e9	1.324430392e8	3.17380364e7
"calendar"	1098601.1	1638526.4	494174.4	4072.7	683594.4	413709.6	196187.6	12891.3	1043344.3	114164.8	47633.6
"cichelli"	1.933848307e8	4.466755878e8	2.80298669e7	37280.0	1.911356626e8	2246751.9	6.70267578e7	2298549.8	3.113515418e8	2.09289376e7	3134784.0
"circsim"	1.4987667623e9	2.6955734393e9	5.051026406e8	999507.9	1.4553020754e9	4.28333587e7	3.434926134e8	1.81792557e7	1.6681798694e9	5.817947033e8	1.037804687e8
"clausify"	6.12037323e7	1.445931552e8	1.10102873e7	17528.7	6.03317691e7	858718.5	2.20969226e7	1187552.5	9.4990329e7	2584658.3	724312.3
"comp_lab_zift"	2.901263731e8	7.039964577e8	4.83385744e7	150252.2	2.848241023e8	5267405.9	9.71907003e7	3813971.6	4.591308878e8	5.26394079e7	1.3332498e7
"compress"	3.436442499e8	8.756462319e8	4.04692749e7	148668.0	3.372262004e8	6413029.8	9.75148058e7	1685424.6	6.201155909e8	1.054173583e8	3271746.3
"compress2"	9.80974488e7	1.939093349e8	2.80976344e7	88138.3	9.43465905e7	3748581.3	2.11339675e7	820295.6	1.238675904e8	4.00461853e7	1567545.9
"constraints"	2.6244691352e9	5.4705484629e9	7.085071011e8	1173370.9	2.5772783987e9	4.73275306e7	8.343705115e8	2.57290304e7	3.7632932889e9	7.386686221e8	1.330422088e8
"cryptarithm1"	1.6607085076e9	4.0629753391e9	2.403356182e8	526267.2	1.6388758222e9	2.18679192e7	4.903504371e8	1.65454146e7	2.8393852683e9	3.928972341e8	8.12047693e7
"cryptarithm2"	2.62008153e7	6.35265654e7	4211938.8	18621.9	2.51728714e7	964149.0	8653360.3	299500.4	4.27757746e7	3949059.6	582750.8
"cse"	1597453.7	2815435.7	580931.4	6159.9	1165200.9	420370.2	357108.8	21957.2	1790433.5	165695.3	80848.8
"eliza"	1458038.7	2414055.8	565702.7	5421.9	992047.2	515004.7	364246.3	12215.3	1760579.8	143420.1	51847.5
"event"	1.995346375e8	3.97440891e8	4.87382463e7	57701.0	1.956308548e8	4013807.3	6.25426637e7	3337681.0	2.591172943e8	2.81594718e7	5539115.1
"exp3_8"	2.949598265e8	6.152967237e8	6.09964873e7	59318.0	2.904059327e8	4559157.0	1.033477427e8	187521.0	4.755652874e8	1.476150741e8	1109345.5
"expert"	1254390.1	1322728.4	682947.0	8553.9	664150.5	521959.1	185139.1	14305.0	880780.7	87508.7	36064.0
"fem"	4.19121519e7	9.71381268e7	7825465.9	80759.1	3.9283152e7	2584220.2	1.33873644e7	370725.6	6.77136635e7	9689985.7	1372296.2
"fft"	3.15689773e7	5.13025484e7	1.04587514e7	17808.9	2.99762356e7	1469773.9	6204905.3	168604.1	3.63395233e7	1.56648734e7	1538418.5
"fft2"	1.283846693e8	2.479977685e8	2.8198166e7	63920.4	1.255336777e8	2672066.8	3.2827419e7	1045515.0	1.719584609e8	4.93992511e7	9413002.3
"fibheaps"	5.16946045e7	1.182492926e8	9709858.7	41844.0	4.99174644e7	1788560.7	1.38164058e7	624523.6	7.70939833e7	1.26306794e7	1564258.0
"fish"	3.62554175e7	7.83198844e7	6626523.1	69948.6	3.38800157e7	2364805.1	9201590.8	430901.4	5.55244149e7	7437106.5	1163631.7
"fluid"	1.86894331e7	3.67997819e7	4801929.6	64687.2	1.65534456e7	2108580.4	5129952.2	296717.6	2.3822155e7	1513471.8	493823.5
"fulsom"	7.288553779e8	1.4003035074e9	2.053620569e8	3595296.1	6.604231961e8	6.84819146e7	1.733027369e8	1.49156273e7	7.836623159e8	7.52865915e7	2.81089541e7
"gamteb"	1.421753655e8	2.987593402e8	3.43096295e7	1329226.1	1.148251651e8	2.73317804e7	3.78623502e7	1034922.3	2.235954188e8	1.88085178e7	4308800.4
"gcd"	7.55496205e7	1.945768634e8	9146042.6	21422.5	7.45952791e7	909229.5	2.22490924e7	567978.5	1.460684108e8	1.7115256e7	1690163.5
"gen_regexps"	800379.6	1118601.1	318485.0	3449.8	491731.3	294118.5	186199.1	3028.2	920748.3	56241.3	18324.4
"genfft"	4.80787893e7	1.18936415e8	8441570.7	28594.3	4.67762765e7	1327064.2	1.40657804e7	765383.5	7.39128215e7	7037113.7	3464595.9
"gg"	1.42508014e7	3.19957229e7	2734682.0	27826.8	1.29699602e7	1257506.4	4889500.2	101947.9	2.33085301e7	3080030.8	541978.9
"grep"	374341.5	183661.0	307876.7	3025.1	116719.1	294229.0	19268.0	2592.7	133926.4	37674.0	15751.4
"hidden"	1.2218552744e9	2.649427173e9	2.511966563e8	1851948.2	1.179646902e9	4.23401316e7	3.568352407e8	1.97473618e7	1.662665098e9	1.675766125e8	5.40866169e7
"hpg"	4.128244324e8	4.064299653e8	2.128978942e8	1.12427659e7	1.792866913e8	2.329708516e8	5.1823968e7	2176549.0	3.029598396e8	1.83263843e7	3208829.4
"ida"	1.44766987e8	3.148993188e8	3.30523689e7	66034.5	1.410521007e8	3745359.1	3.94068047e7	2845999.7	1.868709639e8	2.12312139e7	5606944.6
"infer"	7.14640947e7	1.808038667e8	7556284.3	36907.9	6.9812531e7	1622372.3	3.07621953e7	173181.4	1.40941524e8	1.04230235e7	602781.8
"integer"	5.5861133171e9	1.01522903057e10	1.5303268959e9	880301.1	5.5440113882e9	4.18086483e7	1.6913858933e9	1.317004998e8	7.851864894e9	6.019539198e8	6607056.1
"integrate"	9.372144348e8	1.6731138358e9	3.494851998e8	204077.4	9.052366894e8	3.16802599e7	2.276484786e8	7690402.4	1.0806914831e9	3.490661315e8	2.90560792e7
"knights"	1.03393605e7	2.45787696e7	1348824.3	7683.5	9811248.4	463451.1	4223733.9	79080.2	1.79861826e7	181372.9	65888.8
"lcss"	3.129597943e8	5.039274219e8	1.103946613e8	76784.4	3.083200353e8	4532941.7	6.12080318e7	267958.2	3.665629027e8	1.966358079e8	1653405.3
"life"	3.580157498e8	8.773108428e8	5.67463227e7	192113.2	3.511289265e8	6854973.1	1.09452425e8	2740354.6	6.118985435e8	1.137266611e8	1.28527223e7
"lift"	1524566.9	2137257.4	665099.8	7901.6	993920.8	493662.2	265326.9	23094.8	1291753.6	152102.3	69633.7
"listcompr"	2.209854956e8	5.412738016e8	4.11271257e7	325835.1	2.108772439e8	1.01595629e7	6.96689365e7	3503062.1	3.405123899e8	3.32078176e7	1.16614726e7
"listcopy"	2.370775757e8	5.860949173e8	4.24752231e7	333839.8	2.270958316e8	9951310.5	7.59355747e7	3660800.3	3.710683694e8	3.69753471e7	1.25351071e7
"maillist"	1.062248946e8	8.79959542e7	6.03320183e7	2601400.1	5.01696195e7	5.58947077e7	1.13443031e7	1013644.3	6.32834323e7	4792868.4	1939293.2
"mandel"	1.335858526e8	3.645265705e8	1.04505182e7	94219.4	1.28811069e8	3290114.0	5.5006611e7	516051.9	2.819752936e8	2.94511299e7	1094570.1
"mandel2"	1.14155522e7	2.83980899e7	1613058.4	6678.3	1.09865313e7	446521.7	2931649.7	82984.1	1.92086753e7	3391898.9	273004.7
"minimax"	6290259.1	1.48536102e7	1312394.2	8428.1	5776922.4	504630.3	1968610.8	82519.5	9641019.0	791670.0	191579.5
"mkhprog"	3003783.6	6523027.0	798069.3	8985.6	2466555.7	548274.5	860776.4	28633.0	4497578.0	478120.8	119321.2
"multiplier"	2.516001427e8	5.467233493e8	4.77190835e7	182632.9	2.453666175e8	6172227.4	7.95841578e7	2920739.0	3.587176743e8	6.83096456e7	1.12726055e7
"nucleic2"	1.608037957e8	3.115191225e8	3.93177499e7	746495.5	1.477461699e8	1.29453436e7	3.27642064e7	2627728.0	1.893377775e8	3.5086925e7	9449701.4
"para"	1.2834111022e9	3.0261797135e9	1.883649016e8	1466921.0	1.2509755422e9	3.25721572e7	4.528968678e8	1.29598484e7	2.1900262255e9	1.783323607e8	3.20595583e7
"paraffins"	6.15253822e7	8.08042621e7	3.34801708e7	14562.4	5.77564859e7	3743289.4	1.071992e7	44465.7	6.10142605e7	3.77420118e7	366941.8
"parser"	4.52017034e7	9.64073254e7	1.03801576e7	206553.6	4.08002542e7	4374264.1	1.48481854e7	615556.3	6.61023068e7	2836551.0	744249.3
"parstof"	8026575.8	1.507752e7	2330777.9	20286.2	7176199.1	853259.8	2167550.5	155933.1	9135700.1	506464.5	263174.5
"pic"	1.11159188e7	1.97922469e7	3038003.0	53287.9	9328288.5	1726514.7	2184543.3	106198.2	1.37729805e7	2682832.5	585640.0
"power"	9.142351488e8	2.1191100117e9	1.790208421e8	421364.6	8.764166537e8	3.7249117e7	2.833514352e8	6327219.1	1.620203662e9	1.936052659e8	3.11715965e7
"pretty"	464288.7	346160.1	320554.4	2843.4	175367.8	300036.7	41544.0	3179.4	247473.0	52293.6	20350.1
"primes"	1.08287703e8	2.687458419e8	8227973.8	19803.3	1.071500261e8	1130549.9	3.85904868e7	74706.9	2.253952286e8	2.43027593e7	215436.6
"primetest"	3.666611623e8	8.748710661e8	4.528841e7	950510.5	3.451897409e8	2.14848437e7	7.60684901e7	1033880.5	7.184877878e8	9.44535192e7	2665267.7
"prolog"	2718372.6	4665628.7	973612.0	13780.6	2042397.4	702567.0	651475.7	36429.8	3111781.8	235343.3	79935.5
"puzzle"	3.698448087e8	7.52589353e8	8.57418582e7	109920.4	3.664359372e8	3437589.3	1.00427294e8	7910950.1	4.817681329e8	3.42923225e7	4329883.6
"queens"	4.62452375e7	1.210537345e8	5777337.0	7699.6	4.5535272e7	666068.2	1.51391019e7	516509.5	8.22794635e7	1050377.0	202138.3
"reptile"	1.52253757e7	3.43560877e7	3188852.8	32196.8	1.38402901e7	1376320.1	4218032.8	197931.4	2.29283164e7	2452587.0	843312.4
"rewrite"	3.49753181e7	7.50214756e7	7060758.6	28671.4	3.38031114e7	1216002.0	1.11826822e7	692867.0	4.8224096e7	1322044.8	672978.2
"rfib"	5.00224763e7	9.78719154e7	1.07726753e7	3501.0	4.96439788e7	372245.3	1.63331972e7	1348832.9	4.46176712e7	3333936.2	595176.6
"rsa"	8.47279327e7	2.034636307e8	1.15666904e7	38996.4	8.18128507e7	2764764.6	2.00729262e7	382903.5	1.626417323e8	2.05935648e7	901448.8
"scc"	345706.1	206099.7	245274.1	2490.9	118770.7	212266.3	23507.6	2668.2	144889.9	32753.1	12359.1
"sched"	4.8150659e7	1.044036908e8	1.11010559e7	25620.2	4.70118816e7	1131351.6	1.27290988e7	1027105.2	6.1550539e7	5019107.3	941838.0
"scs"	1.5168563141e9	3.2285968779e9	3.3058975e8	1.08266161e7	1.3191469791e9	2.022021255e8	4.124368719e8	1.40641227e7	2.3545449824e9	2.540415516e8	4.56767987e7
"simple"	9.068147853e8	1.5762534844e9	2.960312229e8	4947010.8	8.018603729e8	1.065481062e8	1.965964595e8	8443485.2	1.0515536548e9	2.761508151e8	4.72621614e7
"solid"	1.923628466e8	4.352740568e8	3.26612634e7	118571.0	1.850110878e8	7226143.4	5.58566099e7	1948051.4	2.897528385e8	5.15346266e7	4428920.9
"sorting"	1847673.1	3628628.1	564955.5	5759.3	1401243.9	453951.1	570457.7	12084.1	2693001.0	206968.5	34378.9
"sphere"	2.253837117e8	4.325619845e8	5.60698188e7	2943779.7	1.730948386e8	5.23596327e7	5.72054648e7	1693679.6	3.160675716e8	2.43418333e7	4431821.6
"symalg"	2.90890965e7	6.36171233e7	3930936.6	14737.3	2.80620659e7	1003461.5	2224805.8	73555.0	5.4494689e7	7526785.7	146371.3
"tak"	3.5310781e7	6.42733898e7	1.08355647e7	14159.6	3.49417893e7	309236.0	1.01688614e7	1256179.9	3.44695495e7	43809.5	22215.3
"transform"	7.163933217e8	1.6262478099e9	1.558382097e8	1732781.9	6.81530225e8	3.48682954e7	2.192597949e8	1.25907741e7	1.0128990915e9	7.87905441e7	3.47399863e7
"treejoin"	2.383458573e8	3.677748685e8	1.055475012e8	80284.5	2.316328741e8	6895255.3	5.66911765e7	1135472.3	2.66044722e8	1.19199052e8	6850650.3
"typecheck"	5.469353795e8	1.1762884297e9	1.147654461e8	426082.5	5.362069207e8	1.06088264e7	1.685929256e8	1.16892729e7	7.206366566e8	3.56404154e7	1.43724941e7
"veritas"	2094586.0	2642026.0	1078293.7	9670.8	1151449.4	923562.6	327247.5	20888.2	1718469.0	232787.1	89794.6
"wang"	8.3341082e7	1.702302638e8	1.96863565e7	40952.4	8.13309768e7	2050109.8	2.19892356e7	516237.8	1.140739946e8	3.40741344e7	2111599.9
"wave4main"	5.535025684e8	9.264413802e8	1.452805945e8	90156.7	5.490768864e8	4354245.4	1.278985276e8	8804132.0	5.607102048e8	1.692234042e8	8.17639536e7
"wheel-sieve1"	1.0405919506e9	2.6145447206e9	6.57442439e7	17089.8	1.0382884441e9	2305278.4	3.370918602e8	1095341.7	2.2990825903e9	1.727559833e8	3570263.1
"wheel-sieve2"	1.363867417e8	3.259703307e8	1.91528867e7	30747.4	1.346977566e8	1643652.2	3.95442747e7	207067.9	2.683216212e8	3.8034503e7	718908.7
"x2n1"	5.29694565e7	1.233515092e8	7756729.7	18888.6	5.20924603e7	911077.2	1.60360858e7	445270.0	8.59069411e7	1.06457187e7	669911.5
#-------------------------------------------------------------------
# UNHALTED_CORE_CYCLES RS_UOPS_DISPATCHED RS_UOPS_DISPATCHED_NONE L1I_MISSES L1I_READS CYCLES_L1I_MEM_STALLED BR_INST_EXEC BR_MISSP_EXEC UOPS_RETIRED:ANY RESOURCE_STALLS:ANY RESOURCE_STALLS:BR_MISS_CLEAR
# [ArithMean,ArithMean,ArithMean,ArithMean,ArithMean,ArithMean,ArithMean,ArithMean,ArithMean,ArithMean,ArithMean]
# 3.3418144305274713e8	6.900909161e8	7.90150565087912e7	617851.4714285713	3.192538979186814e8	1.4941249450549455e7	9.57001236076923e7	4299644.589010988	4.8823013026593393e8	6.959092193406595e7	1.0378931986813186e7

